1	-10
2	-10
3	-10
4	-10
5	-10
6	-10
7	-10
8	-10
9	-10
10	-10
11	-10
12	-10
13	-10
14	-10
15	-10
16	-10
17	-10
18	-10
19	-10
20	-0,033646
21	-10
22	-10
23	-10
24	-0,067982
25	-10
26	1,624421
27	0,600781
28	-10
29	1,161155
30	3,613614
31	0,297417
32	-10
33	-0,014438
34	-10
35	-10
36	-0,041414
37	-10
38	-10
39	0,148809
40	0,545427
41	0,138637
42	-10
43	-0,08534
44	-10
45	-10
46	-10
47	-10
48	-10
49	-10
50	0,266812
51	0,35345
52	-10
53	0,242945
54	-0,009424
55	-10
56	-10
57	0,168533
58	-10
59	-10
60	-10
61	-10
62	-10
63	-10
64	-10
65	-10
66	0,495979
67	0,241954
68	0,351657
69	0,362322
70	-0,07251
71	-10
72	-10
73	-10
74	-10
75	-10
76	-10
77	-10
78	-10
79	1,300508
80	0,162655
81	-10
82	0,50993
83	-10
84	0,026391
85	-0,041298
86	-0,096078
87	-10
88	-10
89	0,620517
90	0,634669
91	-10
92	0,451477
93	-10
94	0,002703
95	0,005737
96	-10
97	-10
98	-0,109709
99	-0,000937
100	-10
101	0,290201
102	0,661123
103	0,03758
104	-10
105	-10
106	-0,114729
107	-10
108	0,135816
109	-10
110	1,224414
111	-10
112	0,104173
113	0,019717
114	-10
115	-10
116	-20
117	0,247998
118	0,089972
119	-10
120	-10
121	0,035211
122	-0,011762
123	0,024098
124	-10
125	-10
126	0,104922
127	1,166324
128	-10
129	-0,019291
130	-10
131	-10
132	0,277731
133	-10
134	-10
135	-10
136	-10
137	-10
138	-10
139	-10
140	-10
141	0,080364
142	0,452649
143	0,444103
144	-10
145	-10
146	1,174094
147	0,767334
148	-20
149	0,19264
150	-10
151	-10
152	-0,005812
153	-10
154	-10
155	-10
156	-0,053606
157	-0,075033
158	-10
159	-20
160	0,687219
161	0,058179
162	-10
163	-10
164	0,299167
165	0,226829
166	-10
167	-10
168	0,348106
169	-10
170	0,032815
171	0,093455
172	-10
173	-10
174	-10
175	0,282798
176	-10
177	0,000341
178	-0,059831
179	0,256623
180	0,222126
181	0,049878
182	-10
183	0,209909
184	-20
185	0,240335
186	0,142149
187	-10
188	-10
