1	0.568309
2	0.179692
3	-999.000000
4	-0.568389
5	-999.000000
6	5.690326
7	-999.000000
8	1.554279
9	-0.532552
10	0.651958
11	0.853800
12	-0.085587
13	-0.133433
14	1.128179
15	0.652125
16	0.116506
17	0.825208
18	-0.314464
19	0.287543
20	1.167259
21	-0.134555
22	0.392914
23	0.577126
24	0.349487
25	0.023921
26	0.492533
27	0.193735
28	0.528027
29	0.521467
30	0.049540
31	-0.001609
32	-0.036540
33	0.106478
34	0.015611
35	0.037146
36	-0.058862
37	0.246397
38	0.147315
39	0.076790
40	0.309524
41	0.911964
42	1.017088
43	0.003384
44	0.040871
45	-0.150578
46	0.002863
47	0.102818
48	0.436698
49	0.148864
50	0.329448
51	0.326905
52	-0.114571
53	0.672713
54	0.081431
55	0.270771
56	1.372592
57	2.713356
58	1.321143
59	0.899879
60	2.444118
61	0.706765
62	0.330431
63	0.480781
64	0.370118
65	3.349851
66	0.552877
67	1.531094
68	0.281655
69	0.784146
70	0.147945
71	0.303257
72	1.319507
73	0.935864
74	0.421967
75	1.113569
76	0.464107
77	0.264741
78	0.350739
79	0.524308
80	0.176000
81	0.275555
82	3.282317
83	0.492314
84	0.215066
85	0.109550
86	-0.032118
87	0.174790
88	0.176218
89	0.068646
90	0.368688
91	0.023552
92	3.181508
93	0.175719
94	-0.201269
95	0.054884
96	0.271944
97	-0.092407
98	0.041074
99	0.471798
100	1.275841
101	1.992619
102	2.592686
103	1.149172
104	1.268929
105	0.233006
106	0.695119
107	0.256825
108	0.981329
109	0.122866
110	1.830097
111	1.423888
112	0.687756
113	0.354117
114	0.279541
115	0.399755
116	0.476023
117	1.211036
118	0.067458
119	0.634886
120	0.595554
121	-0.072768
122	0.041945
123	-0.280129
124	0.167743
125	0.131173
126	0.236705
127	0.033938
128	0.539690
129	0.311999
130	0.810742
131	0.781080
132	2.307907
133	0.684846
134	1.037061
135	0.258056
136	0.025712
137	0.050215
138	0.077001
139	0.165502
140	0.000192
141	-0.468782
142	0.152838
143	0.648510
144	0.177528
145	1.181280
146	2.502325
147	0.488193
148	-0.103125
149	1.499312
150	0.817994
151	0.254917
152	1.312307
153	1.620308
154	0.147227
155	-0.066528
156	-0.083701
157	0.116669
158	0.017956
159	2.681831
160	0.279052
161	0.366835
162	-0.029113
163	0.046765
164	0.284682
165	0.320407
166	0.128266
167	-0.250145
168	0.311322
169	0.014844
170	0.077565
171	0.032878
172	0.016168
173	0.445392
174	0.099409
175	0.282211
176	-0.080201
177	-0.124180
178	0.019255
179	-0.044660
180	1.752614
181	1.785351
182	0.028646
183	0.065723
184	-0.410546
185	0.005930
186	-0.576167
187	-0.753900
188	0.160519
