1	-10
2	-10
3	-10
4	-10
5	-10
6	-10
7	-10
8	-10
9	-10
10	-10
11	-10
12	-10
13	-10
14	-10
15	-10
16	-10
17	-10
18	-10
19	-10
20	-10
21	-10
22	-10
23	-10
24	-10
25	-10
26	-10
27	-10
28	-10
29	-10
30	-10
31	-10
32	-10
33	-10
34	-10
35	-10
36	0.011024
37	-0.114717
38	0
39	0.064504
40	0.093661
41	-0.045114
42	0.063776
43	0.453473
44	0.193891
45	-10
46	2.19539
47	-0.037849
48	0.021419
49	-0.008878
50	-0.017033
51	0.042286
52	-10
53	-0.016297
54	-0.126737
55	0.023152
56	-0.074122
57	-20
58	-10
59	0.030031
60	0.150975
61	-0.158026
62	-10
63	-10
64	-10
65	-10
66	0.676321
67	0.383444
68	0.051429
69	-0.020143
70	0.342777
71	0.076984
72	0.152569
73	0.038688
74	0.013587
75	-0.094804
76	0.937879
77	1.010003
78	1.413632
79	2.717732
80	0.459919
81	-20
82	0.016093
83	0.009833
84	-10
85	1.97687
86	6.442193
87	0.322254
88	0.084988
89	0.062868
90	-0.035089
91	-0.056794
92	0.855096
93	0.215152
94	0.08564
95	0.452634
96	-0.037321
97	-0.099444
98	-0.109033
99	-0.0917
100	0.056186
101	0.057568
102	0.102848
103	0.350042
104	0.135817
105	0.005486
106	0.412395
107	0.044505
108	-0.001239
109	-10
110	0.534997
111	0.108405
112	0.063717
113	0.041985
114	0.157645
115	-0.159787
116	-10
117	-0.055301
118	0.727189
119	0.160021
120	-0.070492
121	-0.012586
122	-0.044111
123	0.074876
124	0.074663
125	0.071721
126	0.992427
127	4.608438
128	0.267152
129	0.740212
130	0.359421
131	-20
132	0.354935
133	0.079146
134	0.07795
135	-0.008455
136	-0.045087
137	0.093777
138	-0.017585
139	-0.101341
140	-0.017904
141	0.019548
142	0.094603
143	0.26809
144	0.562037
145	0.873768
146	0.510465
147	-0.092154
148	-0.079852
149	-0.042538
150	-0.123843
151	-0.042637
152	0.236594
153	0.029609
154	0.062606
155	0.016985
156	0.198738
157	0.168074
158	0.017311
159	0.233043
160	0.130232
161	1.155828
162	0.029138
163	-0.024063
164	-0.001245
165	-10
166	-10
167	-10
168	-10
169	-10
170	0.444492
171	0.222411
172	-0.075617
173	-0.103719
174	0.419739
175	0.038191
176	0.20066
177	0.021762
178	0.178766
179	0.213057
180	0.122129
181	0.103764
182	-0.193128
183	-10
184	0.121494
185	0.144836
186	-10
187	-10
188	-10
