1	-999
2	-999
3	4.415723
4	-3.378633
5	7.881474
6	19.189746
7	51.224819
8	0.716493
9	0.334292
10	2.747735
11	1.770227
12	-0.385540
13	0.117957
14	8.339329
15	-0.590287
16	-1.324387
17	-1.153573
18	0.084743
19	-0.313201
20	-0.407703
21	-0.018837
22	-0.200202
23	-0.497941
24	-1.715726
25	-0.132250
26	0.213130
27	0.332562
28	0.838106
29	-0.051162
30	0.845453
31	-1.833452
32	-2.077665
33	-0.160298
34	-0.033093
35	-0.681195
36	-0.025283
37	0.001389
38	1.055951
39	0.416391
40	6.603364
41	0.356553
42	2.777636
43	-0.022566
44	0.308644
45	1.545376
46	-1.772737
47	-0.072071
48	-0.002486
49	-2.317418
50	-0.187518
51	-0.063554
52	-0.654048
53	-0.084596
54	-4.178334
55	-0.034348
56	-2.108747
57	0.234112
58	0.143788
59	1.584999
60	2.204090
61	-0.036517
62	-0.227398
63	-0.481602
64	-0.012489
65	0.741971
66	0.291037
67	7.230143
68	-0.026075
69	0.022748
70	-0.187177
71	0.764585
72	0.438298
73	0.573545
74	2.554015
75	0.594442
76	-1.129387
77	-0.833890
78	-1.382445
79	0.030827
80	2.236745
81	0.330588
82	11.048439
83	1.332940
84	0.959889
85	0.410579
86	-0.082038
87	0.595417
88	-0.008895
89	0.380629
90	0.002266
91	1.765938
92	2.349828
93	0.646701
94	1.923775
95	0.359282
96	1.926261
97	0.018447
98	-0.366556
99	-2.666160
100	0.932194
101	2.112695
102	4.512138
103	0.645361
104	0.041927
105	1.152452
106	0.055927
107	-0.390487
108	-0.645750
109	-0.154852
110	0.855371
111	0.419303
112	-0.041975
113	-1.088533
114	0.485379
115	0.419181
116	1.026234
117	0.409531
118	-0.192295
119	0.303965
120	0.478714
121	-0.839922
122	-0.898297
123	-1.369652
124	0.041963
125	-0.403621
126	-0.126328
127	-2.636150
128	2.681744
129	-0.424250
130	0.676102
131	0.867190
132	0.323558
133	1.454833
134	0.726850
135	0.601229
136	-0.217809
137	-0.125049
138	-0.358637
139	-0.045521
140	-0.016717
141	-2.930282
142	0.269325
143	-0.928380
144	0.435264
145	2.804039
146	-0.361731
147	-0.139682
148	-1.248660
149	0.212509
150	0.088349
151	-0.831953
152	7.107726
153	1.099194
154	0.192953
155	0.700337
156	-1.362451
157	-0.440248
158	0.073740
159	-0.123721
160	-0.079260
161	-0.728251
162	0.355140
163	0.793365
164	-0.274211
165	-0.113851
166	-0.041610
167	-1.584670
168	-0.187750
169	-0.746991
170	-0.420582
171	-2.703408
172	0.423482
173	-0.118762
174	-0.216176
175	-0.535079
176	-0.443501
177	0.169753
178	0.785079
179	-0.656729
180	0.018837
181	-1.651904
182	-1.811301
183	-1.983077
184	-3.231140
185	-0.341103
186	-1.673568
187	-2.912067
188	-999
