1	-999
2	-999
3	5.601734
4	-2.586001
5	3.584683
6	2.243828
7	5.174679
8	0.201056
9	1.022389
10	0.959110
11	0.567532
12	0.004592
13	0.064794
14	1.485932
15	-0.084233
16	0.493946
17	0.424069
18	0.174529
19	0.396517
20	0.596246
21	0.317509
22	-0.062675
23	0.108898
24	0.531964
25	0.002270
26	0.132537
27	0.114561
28	0.199827
29	0.029505
30	1.299353
31	0.021203
32	0.790485
33	0.031873
34	0.010059
35	-0.016755
36	0.011386
37	0.003921
38	1.538503
39	0.266612
40	1.672623
41	0.111529
42	0.734287
43	0.378767
44	0.142445
45	0.640108
46	0.126263
47	0.025562
48	0.056945
49	0.305203
50	0.217924
51	0.016423
52	0.362940
53	0.011295
54	0.510859
55	0.003913
56	-0.306900
57	0.157164
58	0.072953
59	0.152624
60	0.405007
61	-0.022840
62	-0.067991
63	0.040642
64	0.006997
65	0.351946
66	0.146162
67	1.365301
68	0.013211
69	0.029309
70	0.632258
71	0.252172
72	0.100618
73	0.331956
74	0.786180
75	0.291435
76	0.069416
77	0.524612
78	0.911447
79	0.045747
80	1.855417
81	0.008128
82	1.745184
83	0.723007
84	0.205640
85	0.110308
86	0.021038
87	0.322471
88	-0.009071
89	0.087076
90	-0.174340
91	1.916569
92	3.668705
93	0.642325
94	1.083812
95	0.664923
96	2.666472
97	0.049480
98	0.753907
99	0.425819
100	0.188509
101	0.257880
102	1.267616
103	1.020632
104	0.012683
105	0.672230
106	0.232160
107	0.857602
108	1.143984
109	0.529363
110	1.506012
111	-0.160338
112	0.007850
113	0.088049
114	0.190688
115	0.095770
116	1.632675
117	0.338660
118	1.858651
119	0.393357
120	-0.070140
121	0.219598
122	0.407081
123	0.049487
124	0.090401
125	0.814592
126	0.003499
127	0.311062
128	3.516925
129	11.021384
130	2.011042
131	3.402116
132	0.406704
133	0.329257
134	0.064922
135	0.248982
136	0.004766
137	0.004509
138	0.109380
139	0.030576
140	0.011446
141	0.935358
142	0.247406
143	0.678179
144	1.076845
145	2.809286
146	0.203846
147	0.051817
148	0.350272
149	0.107397
150	0.332718
151	0.358514
152	1.530081
153	0.875405
154	0.313271
155	0.641526
156	0.381021
157	0.169967
158	0.116159
159	0.039775
160	0.037513
161	0.304675
162	0.867208
163	1.441346
164	0.102541
165	0.019944
166	0.996759
167	-0.030976
168	-0.017795
169	0.053273
170	0.166830
171	0.113610
172	0.154042
173	-0.522147
174	0.037279
175	-0.217796
176	-0.090107
177	0.464154
178	0.102059
179	0.795560
180	-0.249216
181	-1.322329
182	-0.302640
183	-0.094775
184	-2.261774
185	-0.212819
186	-1.066334
187	-1.697620
188	-999
