1	-999
2	-999
3	1.145417
4	-1.245286
5	1.742209
6	2.298507
7	18.557852
8	0.893538
9	0.276308
10	1.457874
11	1.017792
12	-0.275009
13	0.379991
14	3.808040
15	-0.224147
16	-0.537543
17	-0.470884
18	0.034018
19	-0.117155
20	-0.142357
21	-0.006164
22	-0.139346
23	-0.170255
24	-0.543108
25	-0.729375
26	0.435883
27	0.395706
28	1.839679
29	-0.180253
30	0.562983
31	-0.484443
32	-0.569979
33	-0.169924
34	-0.136899
35	-0.193584
36	-0.056958
37	0.007055
38	1.165501
39	0.119851
40	2.326030
41	1.830975
42	2.358442
43	-0.014226
44	0.494067
45	0.537499
46	-0.690151
47	-0.616048
48	-0.010781
49	-0.761656
50	-0.142430
51	-0.355913
52	-0.212062
53	-0.608449
54	-1.511742
55	-0.393521
56	-0.729399
57	0.347530
58	0.423233
59	3.038376
60	1.437221
61	-0.051601
62	-0.346469
63	-0.927931
64	-0.217881
65	0.826339
66	0.922793
67	4.545977
68	-0.304740
69	0.299194
70	-0.057746
71	0.257104
72	0.527953
73	0.908723
74	0.925289
75	0.752412
76	-0.456429
77	-0.314198
78	-0.551039
79	0.141710
80	1.388524
81	1.177839
82	3.847867
83	4.992739
84	0.663699
85	0.595089
86	-0.298556
87	0.190728
88	-0.192221
89	1.464588
90	0.003085
91	0.496241
92	2.621740
93	1.704858
94	0.545833
95	0.107702
96	0.567561
97	0.042970
98	-0.103859
99	-0.714409
100	4.085559
101	2.932936
102	1.514549
103	0.190202
104	0.138533
105	0.415493
106	0.078433
107	-0.129756
108	-0.206846
109	-0.129966
110	1.282851
111	0.397049
112	-0.269350
113	-0.816837
114	1.145349
115	0.795995
116	0.306253
117	0.516729
118	-0.052326
119	0.227601
120	0.406229
121	-0.283148
122	-0.292348
123	-0.451554
124	0.192124
125	-0.128837
126	-0.616992
127	-1.083064
128	2.174350
129	-0.120848
130	1.792837
131	1.267574
132	0.919061
133	0.782206
134	0.185731
135	0.740443
136	-0.471069
137	-0.711140
138	-0.294153
139	-0.196838
140	-0.124439
141	-0.649619
142	0.820413
143	-0.731997
144	0.651171
145	1.617848
146	-1.056801
147	-0.964936
148	-0.686546
149	0.573871
150	0.053712
151	-0.278988
152	1.888142
153	1.021022
154	0.240854
155	0.260851
156	-0.281893
157	-0.580449
158	0.056383
159	-0.638754
160	-0.917378
161	-2.929545
162	0.092075
163	0.180783
164	-0.630250
165	-0.363415
166	-0.027430
167	-0.752752
168	-0.420314
169	-0.376687
170	-0.156720
171	-1.073791
172	0.155790
173	-0.049665
174	-0.078623
175	-0.248814
176	-0.613635
177	0.067330
178	0.282788
179	-0.254784
180	0.009098
181	-0.885768
182	-0.648373
183	-1.155011
184	-1.021762
185	-0.367915
186	-0.974734
187	-1.235741
188	-999
