1	-10
2	-10
3	-10
4	-10
5	-10
6	-10
7	-10
8	-10
9	-10
10	-10
11	-10
12	-10
13	-10
14	-10
15	-10
16	-10
17	-10
18	-10
19	-10
20	-10
21	-10
22	-10
23	-10
24	-10
25	-10
26	0.930876
27	0.768257
28	0.723957
29	0.024525
30	-0.030078
31	-0.210379
32	-0.098075
33	-0.018366
34	-0.067777
35	-0.094265
36	-0.214242
37	-0.040627
38	-0.087999
39	-0.08036
40	1.119702
41	0.292783
42	0.056571
43	-0.009546
44	-0.124241
45	-10
46	-0.016395
47	0.086433
48	0.172828
49	0.049801
50	0.044932
51	-0.024751
52	-10
53	-0.171962
54	-0.047954
55	-20
56	1.536187
57	2.661977
58	-10
59	0.086176
60	0.61806
61	0.996649
62	-10
63	-10
64	-10
65	-10
66	0.712706
67	-0.049798
68	0.20831
69	1.280195
70	0.297385
71	-0.087307
72	-0.009467
73	-0.079864
74	0.008453
75	-0.000106
76	-10
77	-20
78	0.143388
79	1.256776
80	0.142864
81	1.136591
82	0.922483
83	0.66823
84	-10
85	0.106787
86	0.117402
87	-0.049502
88	0.105035
89	0.776676
90	0.679481
91	0
92	0.349435
93	0.144913
94	0.016206
95	0.013172
96	-0.077647
97	-0.057011
98	-0.182421
99	0.030806
100	0.601507
101	1.527135
102	0.740953
103	0.216034
104	0.405673
105	0.316675
106	-0.115357
107	-0.024384
108	0.203849
109	-10
110	0.33437
111	0.219937
112	0.168367
113	0.122943
114	-0.051973
115	0.481118
116	0
117	-0.101574
118	0.047188
119	0.389855
120	0.112357
121	-0.037042
122	-0.048291
123	-0.038314
124	-0.003228
125	0.077487
126	0.114592
127	0.47176
128	-0.104976
129	0.178341
130	0.234585
131	-10
132	0.313568
133	0.342999
134	0.649948
135	-0.009215
136	-0.003114
137	-0.031369
138	0.067372
139	-0.008897
140	-0.120245
141	-0.095904
142	0.203733
143	0.429363
144	0.707694
145	0.246543
146	0.613541
147	0.49544
148	-20
149	0.483847
150	0.37558
151	0.583234
152	1.093711
153	0.128123
154	0.133582
155	0.082075
156	-0.079187
157	-0.029782
158	-0.045113
159	1.299658
160	0.693962
161	0.186258
162	-0.072568
163	0.014033
164	-0.03165
165	0.284453
166	-10
167	-10
168	0.532213
169	-10
170	-0.078198
171	0.342816
172	0.075901
173	-0.009606
174	0.520684
175	0.256638
176	0.031883
177	-0.107307
178	-0.14771
179	0.095405
180	0.139269
181	0.95743
182	0.24632
183	-10
184	0.244017
185	0.490148
186	-10
187	-10
188	-10
