1	-999
2	-999
3	2.737790
4	-1.795864
5	1.493002
6	0.506385
7	3.532225
8	0.472432
9	1.592211
10	0.958814
11	0.614806
12	0.006178
13	0.393289
14	1.278457
15	-0.060264
16	0.377745
17	0.326155
18	0.131998
19	0.279467
20	0.392268
21	0.195825
22	-0.082190
23	0.070157
24	0.317277
25	0.023605
26	0.510736
27	0.256832
28	0.826436
29	0.195898
30	1.630248
31	0.010557
32	0.408595
33	0.063662
34	0.078423
35	-0.008969
36	0.048339
37	0.037453
38	3.199506
39	0.144592
40	1.110112
41	1.079132
42	1.174716
43	0.449769
44	0.429641
45	0.419481
46	0.092617
47	0.411703
48	0.464422
49	0.189000
50	0.311871
51	0.173286
52	0.221722
53	0.153096
54	0.348251
55	0.084510
56	-0.200011
57	0.439575
58	0.404584
59	0.551258
60	0.497598
61	-0.060797
62	-0.195189
63	0.147554
64	0.230061
65	0.738528
66	0.873164
67	1.617433
68	0.290983
69	0.726274
70	0.367517
71	0.159773
72	0.228365
73	0.990986
74	0.536656
75	0.695022
76	0.052861
77	0.372441
78	0.684510
79	0.396176
80	2.170172
81	0.054551
82	1.145188
83	5.102516
84	0.267905
85	0.301245
86	0.144246
87	0.194628
88	-0.369621
89	0.631303
90	-0.447188
91	1.014755
92	7.712313
93	3.190492
94	0.579396
95	0.375567
96	1.480306
97	0.217223
98	0.402473
99	0.214982
100	1.556681
101	0.674526
102	0.801691
103	0.566768
104	0.078945
105	0.456639
106	0.613468
107	0.536945
108	0.690433
109	0.837090
110	4.255669
111	-0.286064
112	0.094937
113	0.124487
114	0.847823
115	0.342669
116	0.918014
117	0.805111
118	0.952903
119	0.554945
120	-0.112149
121	0.139481
122	0.249616
123	0.030742
124	0.779708
125	0.489922
126	0.032205
127	0.240794
128	5.372690
129	5.915218
130	10.047653
131	9.369729
132	2.176650
133	0.333547
134	0.031258
135	0.577751
136	0.019424
137	0.048277
138	0.169031
139	0.249111
140	0.160505
141	0.390696
142	1.419957
143	1.007500
144	3.035405
145	3.053978
146	1.122076
147	0.674469
148	0.362865
149	0.546464
150	0.381154
151	0.226521
152	0.765837
153	1.532100
154	0.736781
155	0.450211
156	0.148535
157	0.422238
158	0.167352
159	0.386901
160	0.818108
161	2.309233
162	0.423639
163	0.618823
164	0.444062
165	0.119949
166	1.238258
167	-0.027729
168	-0.075065
169	0.050620
170	0.117129
171	0.085026
172	0.106771
173	-0.411437
174	0.025545
175	-0.190821
176	-0.234906
177	0.346867
178	0.069267
179	0.581546
180	-0.226759
181	-1.335952
182	-0.204119
183	-0.104008
184	-1.347599
185	-0.432506
186	-1.170183
187	-1.357328
188	-999
