1	-10
2	-10
3	-10
4	-10
5	-10
6	-10
7	-10
8	-10
9	-10
10	-10
11	-10
12	-10
13	-10
14	-10
15	-10
16	-10
17	-10
18	-10
19	-10
20	-10
21	-10
22	-10
23	-10
24	-10
25	-10
26	-20
27	0.198649
28	0.406555
29	0.054339
30	0.017692
31	0.049932
32	0.219756
33	0.099164
34	0.189695
35	0.023582
36	-0.033424
37	0.014943
38	0.129386
39	0.02226
40	0.362369
41	0.699485
42	0.499652
43	0.248606
44	0.104001
45	-10
46	0.050813
47	0.123361
48	0.170291
49	-0.070044
50	0.104454
51	-0.064817
52	-10
53	-0.002905
54	0.006731
55	-20
56	0.15495
57	0.502591
58	-10
59	-0.004574
60	-0.170251
61	0.034744
62	-10
63	-10
64	-10
65	-10
66	0.138297
67	0.068089
68	0.149522
69	0.206881
70	0.163874
71	-0.007244
72	0.002392
73	-0.07436
74	-0.03083
75	0.07414
76	-10
77	-10
78	1.216275
79	3.626602
80	1.002682
81	-20
82	0.989476
83	0.33735
84	-10
85	0.028968
86	-20
87	-0.10592
88	0.392392
89	0.58703
90	0.437878
91	-20
92	2.745512
93	0.835856
94	0.093051
95	-0.045655
96	0.125284
97	0.085862
98	0.074103
99	0.016844
100	0.122608
101	0.398048
102	0.223085
103	0.049789
104	0.034246
105	0.174524
106	0.033227
107	0.13245
108	0.445936
109	-20
110	1.271555
111	0.228591
112	0.15511
113	0.197367
114	-0.010595
115	0.157403
116	-20
117	0.171119
118	0.141483
119	0.088648
120	-0.023424
121	-0.029002
122	-0.027042
123	0.029194
124	0.0754
125	0.044369
126	0.044766
127	-20
128	1.161679
129	1.162418
130	1.455826
131	3.156603
132	0.762811
133	0.091584
134	-0.017034
135	-0.044673
136	0.010838
137	0.0257
138	0.007385
139	0.0882
140	0.022285
141	0.063209
142	0.073338
143	0.41643
144	0.726869
145	0.05729
146	0.336134
147	0.303803
148	0.381534
149	0.091021
150	0.062712
151	0.074629
152	0.199982
153	0.042512
154	0.163883
155	-0.050313
156	-0.083001
157	0.019689
158	-0.077742
159	0.274627
160	0.162723
161	-0.039925
162	-0.116345
163	-0.065329
164	0.068529
165	-0.187703
166	-10
167	-10
168	0.089111
169	-10
170	-0.007694
171	0.164467
172	0.179505
173	0.469415
174	0.29109
175	0.26252
176	0.050039
177	0.00924
178	0.17868
179	-0.041122
180	0.044675
181	0.070364
182	0.039392
183	-10
184	0.05343
185	0.2593
186	-10
187	-10
188	-10
