1	-10
2	-10
3	-10
4	-10
5	-10
6	-10
7	-10
8	-10
9	-10
10	-10
11	-10
12	-10
13	-10
14	-10
15	-10
16	-10
17	-10
18	-10
19	-10
20	-10
21	-10
22	-10
23	-10
24	-10
25	-10
26	-10
27	-10
28	-20
29	-0.088378
30	-0.159962
31	-0.05449
32	0
33	-20
34	-20
35	-0.086043
36	-20
37	-20
38	-20
39	0.028679
40	0.372373
41	0.690363
42	-20
43	0.169821
44	-20
45	-10
46	-20
47	-20
48	-20
49	-20
50	0.024786
51	-20
52	-10
53	0.080081
54	-0.016054
55	-20
56	0.374146
57	0.210655
58	-10
59	0.009677
60	-0.041335
61	-0.030791
62	-10
63	-10
64	-20
65	-10
66	0.096962
67	0.09447
68	0.052422
69	0.035497
70	-0.213361
71	-0.078994
72	-0.00998
73	-0.03645
74	0.025546
75	0.006178
76	-10
77	-10
78	-20
79	1.741057
80	0.847893
81	-20
82	0.890395
83	0.93013
84	-10
85	0.044772
86	-20
87	-0.086939
88	0.351842
89	0.321782
90	0.22683
91	1.122531
92	4.483829
93	0.95607
94	0.108216
95	-0.031185
96	-0.077695
97	0.013727
98	0.031571
99	0.149879
100	0.236192
101	0.144875
102	0.053229
103	0.044531
104	-0.002277
105	-0.016332
106	0.000585
107	-0.091984
108	0.118298
109	1.010167
110	0.991668
111	0.135363
112	0.043208
113	0.036819
114	-0.033153
115	0.086824
116	1.028987
117	0.041694
118	0.087408
119	0.051756
120	0.018207
121	-0.047608
122	-0.014403
123	-0.015096
124	0.047675
125	-0.040844
126	-0.085358
127	-0.21483
128	0.012872
129	0.592806
130	0.96614
131	2.465599
132	0.736771
133	0.16565
134	0.043799
135	-0.063884
136	-0.005735
137	0.020144
138	0.040996
139	0.01417
140	0.04604
141	-0.005303
142	0.021706
143	0.185034
144	0.352416
145	0.089878
146	0.135364
147	0.071936
148	0.559294
149	0.099103
150	0.114762
151	0.167123
152	0.035126
153	0.022446
154	0.088587
155	-0.022731
156	-0.051465
157	0.016461
158	-0.030546
159	0.198429
160	0.150488
161	0.340325
162	-0.103503
163	-0.131341
164	-0.079636
165	0
166	-10
167	-10
168	0.009002
169	-10
170	-0.035313
171	0.037682
172	0.070851
173	1.14156
174	0.514191
175	0.380435
176	0.069453
177	0.048588
178	0.127784
179	0.003217
180	0.000807
181	0.103797
182	0.08031
183	-10
184	0.028579
185	0.231892
186	-10
187	-10
188	-10
