1	-10
2	-10
3	-10
4	-10
5	-10
6	-10
7	-10
8	-10
9	-10
10	-10
11	-10
12	-10
13	-20
14	-20
15	-20
16	-20
17	0.27506
18	0.145152
19	0.323794
20	0.331049
21	0.178868
22	0.123472
23	0.123642
24	0.326868
25	0.124547
26	0.838467
27	0.798673
28	1.242512
29	0.455011
30	0.198194
31	0.208354
32	0.476412
33	0.125366
34	0.146755
35	0.420381
36	0.15084
37	0.295875
38	0.245447
39	-0.007418
40	0.609249
41	0.363445
42	0.221453
43	0.298492
44	0.094566
45	0.891046
46	0.188316
47	0.274661
48	0.131309
49	-0.046145
50	0.145979
51	0.168636
52	-10
53	0.197194
54	0.070741
55	-20
56	0.114618
57	2.274391
58	-10
59	0.127762
60	0.131741
61	-0.017018
62	-10
63	-10
64	-10
65	-10
66	0.565122
67	0.108998
68	0.53969
69	0.665395
70	0.43978
71	0.174896
72	0.056103
73	0.06022
74	-0.038769
75	0.166432
76	-20
77	-20
78	-20
79	1.545683
80	-20
81	-10
82	1.583692
83	0.13907
84	-10
85	0.263794
86	0.517203
87	-0.05141
88	0.045954
89	0.25171
90	0.313751
91	0.167909
92	0.24705
93	-0.00869
94	-0.01681
95	0.2115
96	0.231487
97	0.074693
98	0.010952
99	0.032278
100	0.207004
101	2.145848
102	0.978233
103	0.294947
104	0.067124
105	0.141699
106	0.353599
107	-0.010056
108	0.112404
109	-20
110	0.316983
111	-0.07348
112	0.062971
113	0.178184
114	0.121825
115	-0.034321
116	0.497842
117	0.073083
118	0.080307
119	-0.005235
120	0.000549
121	0.023281
122	0.050927
123	0.058121
124	0.032119
125	-0.011418
126	0.086484
127	0.838226
128	0.141697
129	0.076832
130	0.201368
131	-10
132	0.059296
133	-0.047987
134	-0.036921
135	-0.025135
136	-0.009533
137	0.029909
138	-0.034786
139	8.3E-05
140	0.045343
141	-0.103944
142	0.131591
143	0.28857
144	0.340664
145	-0.000955
146	0.299576
147	0.275166
148	0.434553
149	0.141861
150	0.056449
151	0.207856
152	0.943754
153	0.087812
154	0.064706
155	0.002279
156	-0.015185
157	-0.002804
158	0.107448
159	-0.046247
160	0.219695
161	0.007986
162	0.047001
163	0.094225
164	0.077118
165	0.17873
166	-10
167	-10
168	0.3484
169	-10
170	0.484529
171	0.568655
172	0.244292
173	-20
174	0.253351
175	0.188618
176	0.282664
177	0.073818
178	0.190446
179	0.166618
180	-0.141108
181	0.026921
182	-0.03851
183	-10
184	0.225592
185	0.110326
186	-10
187	-10
188	-10
