1	-10
2	-10
3	-10
4	-10
5	-10
6	-10
7	-10
8	-10
9	-10
10	-10
11	-10
12	-10
13	-20
14	0.046355
15	0.020776
16	-20
17	0.040734
18	0.028131
19	0.15884
20	0.058465
21	0.133415
22	0.012952
23	-20
24	-20
25	-20
26	-20
27	-20
28	-10
29	-20
30	0.113566
31	0.067082
32	0.248642
33	0.02162
34	0.052452
35	0.230906
36	0.00618
37	0.011862
38	-20
39	-20
40	0.07125
41	-20
42	-20
43	-20
44	-20
45	-20
46	-20
47	0.079326
48	-20
49	0.053239
50	0.029433
51	-20
52	-10
53	0.237732
54	0.061377
55	1.215257
56	0.813133
57	2.54997
58	-10
59	0.076749
60	0.206766
61	0.296283
62	-10
63	-10
64	-10
65	-10
66	0.437251
67	0.200219
68	0.278325
69	0.241778
70	0.212332
71	-0.016437
72	0.11198
73	-0.004121
74	0.083705
75	0.157831
76	1.99048
77	1.912119
78	-20
79	-20
80	0.125795
81	-10
82	-20
83	0.029913
84	-10
85	0.148151
86	0.334435
87	0.204686
88	0.318065
89	0.216185
90	0.184712
91	0.330095
92	0.051549
93	0.011265
94	-0.040337
95	0.202519
96	0.163502
97	-0.000602
98	-0.047814
99	0.527655
100	0.351995
101	-20
102	0.151596
103	0.042358
104	-0.01288
105	0.177016
106	0.428681
107	0.097419
108	0.046185
109	-20
110	0.02814
111	0.023723
112	0.034374
113	-0.123853
114	-0.001269
115	0.092954
116	1.002131
117	0.167085
118	0.205621
119	0.149319
120	0.258066
121	0.040734
122	0.084624
123	0.067402
124	0.05759
125	-0.00542
126	0.15601
127	0.452815
128	-0.016707
129	0.116554
130	0.161642
131	-10
132	0.123657
133	0.006461
134	0.247554
135	0.111954
136	0.021544
137	0.046239
138	0.129915
139	0.020177
140	0.041016
141	0.000324
142	0.113642
143	0.22218
144	0.194499
145	0.184212
146	0.194677
147	0.105136
148	0.310866
149	0.005219
150	0.198291
151	0.11033
152	0.218408
153	0.072888
154	0.003456
155	0.002897
156	0.003904
157	0.001351
158	0.117696
159	-10
160	0.233303
161	0.075372
162	0.063217
163	0.216768
164	0.210424
165	0.384534
166	-10
167	-10
168	0.203139
169	-10
170	0.505854
171	0.504528
172	0.474944
173	-20
174	0.15632
175	-0.029812
176	0.171251
177	-0.011655
178	0.375535
179	-0.038015
180	0.052146
181	0.959862
182	-0.001382
183	-10
184	0.271124
185	0.199654
186	1.763211
187	-10
188	-10
