1	-10
2	-10
3	-10
4	-10
5	-10
6	-10
7	-10
8	-10
9	-10
10	-10
11	-10
12	-10
13	-10
14	-10
15	-10
16	-10
17	-10
18	-10
19	-10
20	-10
21	-10
22	-10
23	-10
24	-10
25	-10
26	0.197129
27	0.210805
28	0.039692
29	-0.11153
30	-0.078523
31	-0.088373
32	-0.076132
33	-0.051724
34	-0.015756
35	-0.017495
36	-0.026849
37	-0.054009
38	0
39	-0.055637
40	0.378737
41	0.136162
42	0.035518
43	0.481142
44	0.179048
45	-10
46	2.376864
47	0.102529
48	0.114781
49	0.143082
50	0.013277
51	0.070611
52	-10
53	-0.075585
54	0.004744
55	-20
56	1.117004
57	0.901147
58	-10
59	0.512393
60	0.153921
61	0.265751
62	-10
63	-10
64	-10
65	-10
66	1.184612
67	0.931865
68	0.539221
69	0.318265
70	0.250018
71	-0.042429
72	0.038545
73	0.011733
74	0.07626
75	-0.043705
76	-10
77	0.927836
78	0.434117
79	0.5054
80	0.162477
81	0.708417
82	0.558351
83	0.181048
84	-10
85	2.622744
86	8.369949
87	0.20537
88	0.031389
89	0.672176
90	0.277839
91	-0.071556
92	0.152231
93	0.075848
94	0.141236
95	0.677566
96	0.040114
97	-0.066494
98	-0.141506
99	-0.000991
100	1.31013
101	0.730125
102	0.362628
103	0.767526
104	0.407785
105	0.187513
106	0.66334
107	0.07267
108	0.041339
109	-10
110	0.342197
111	0.211111
112	0.11562
113	0.224812
114	0.184577
115	0.106298
116	0
117	-0.017935
118	0.900384
119	0.370109
120	0.052484
121	-0.034115
122	0.023218
123	0.109035
124	0.014634
125	0.144716
126	1.36523
127	4.973619
128	0.232429
129	0.017742
130	0.105677
131	-10
132	0.417811
133	0.283357
134	0.378834
135	0.01423
136	0.017054
137	0.123675
138	0.125679
139	-0.080937
140	-0.104547
141	0.199943
142	0.227898
143	0.296227
144	0.304759
145	0.343489
146	0.45009
147	0.170756
148	-20
149	0.290703
150	0.218481
151	0.221919
152	0.600278
153	0.171924
154	0.06111
155	0.04748
156	0.245245
157	0.200022
158	-0.059542
159	0.878926
160	0.291856
161	0.227608
162	0.06731
163	0.005299
164	-0.01247
165	0
166	-10
167	-10
168	0.063938
169	-10
170	0.347218
171	0.44114
172	0.046914
173	0.018916
174	0.387753
175	-0.10144
176	0.19796
177	-0.054642
178	0.298551
179	0.159275
180	0.162418
181	0.368476
182	0.0579
183	-10
184	0.363362
185	0.381807
186	-20
187	-10
188	-10
