1	-10
2	-10
3	-10
4	-10
5	-10
6	-10
7	-10
8	-10
9	-10
10	-10
11	-10
12	-10
13	-10
14	-10
15	-10
16	-10
17	-10
18	-10
19	-10
20	-10
21	-10
22	-10
23	-10
24	-10
25	-10
26	-10
27	-10
28	-10
29	-10
30	-10
31	-10
32	-10
33	-10
34	0.017877
35	0.093303
36	-10
37	0.029068
38	-20
39	-10
40	-10
41	-10
42	0.612719
43	-10
44	0.190405
45	0.087666
46	0.060675
47	0.212772
48	0.259692
49	0.159596
50	-10
51	-10
52	-10
53	-10
54	-10
55	0.277591
56	0.369914
57	-10
58	-10
59	0.22042
60	0.262121
61	0.146389
62	-10
63	-10
64	1.356101
65	-10
66	-10
67	-10
68	-10
69	-10
70	-10
71	0.07296
72	0.015365
73	0.158618
74	0.591101
75	0.035603
76	-10
77	-10
78	0.247995
79	-10
80	-10
81	0.35904
82	-10
83	0.896346
84	-10
85	-10
86	-10
87	0.215807
88	0.706827
89	-10
90	-10
91	-10
92	-10
93	2.383848
94	-10
95	-10
96	0.019444
97	0.207117
98	-10
99	-10
100	0.330458
101	-10
102	-10
103	-10
104	0.048431
105	0.056802
106	-10
107	0.082189
108	-10
109	-10
110	-10
111	0.117812
112	-10
113	-10
114	0.329073
115	0.053399
116	-10
117	-10
118	-10
119	0.072997
120	0.042122
121	-10
122	-10
123	-10
124	0.213546
125	0.029866
126	-10
127	-10
128	0.508993
129	-10
130	2.916502
131	-10
132	-10
133	0.125591
134	0.031859
135	0.218416
136	-0.00356
137	0.105493
138	-0.02069
139	0.165479
140	0.253176
141	-10
142	-10
143	-10
144	0.886294
145	0.189117
146	-10
147	-10
148	-10
149	-10
150	0.065918
151	0.585016
152	-10
153	0.128296
154	0.515689
155	0.33458
156	-10
157	-10
158	-0.10902
159	-10
160	-10
161	-10
162	0.015074
163	0.029656
164	-10
165	-10
166	-10
167	-10
168	-10
169	-10
170	-10
171	-10
172	0.123381
173	0.553397
174	0.427427
175	-10
176	0.195481
177	-10
178	-10
179	-10
180	-10
181	-10
182	0.00317
183	-10
184	-10
185	-10
186	-10
187	-20
188	-10
