1	-10
2	-10
3	-10
4	-10
5	-10
6	-10
7	-10
8	-10
9	-10
10	-10
11	-10
12	-10
13	-10
14	-10
15	-10
16	-10
17	-10
18	-10
19	-10
20	-10
21	-10
22	-10
23	-10
24	-10
25	-10
26	-10
27	-10
28	-10
29	-10
30	-10
31	-10
32	-10
33	-10
34	-10
35	-10
36	-0.016549
37	-0.106795
38	-20
39	0.045418
40	0.508717
41	0.18902
42	0.007891
43	0.198827
44	0.222864
45	-10
46	-0.022024
47	0.016716
48	0.151298
49	0.013541
50	0.02714
51	0.227315
52	-10
53	-0.063819
54	-0.054646
55	-20
56	0.107214
57	-20
58	-10
59	0.098192
60	0.034072
61	-0.065501
62	-10
63	-10
64	-20
65	-10
66	0.49401
67	0.05882
68	0.156496
69	0.356792
70	0.361003
71	0.086822
72	0.136439
73	-0.028023
74	-0.041373
75	-0.014496
76	-10
77	0.039013
78	1.194723
79	3.800652
80	1.910503
81	1.189761
82	0.620429
83	0.535487
84	-10
85	0.203557
86	0.480245
87	-0.058193
88	0.134549
89	0.332929
90	0.411403
91	0.93637
92	4.178472
93	0.919622
94	0.049051
95	0.02594
96	0.030329
97	-0.060416
98	0.025667
99	-0.014986
100	0.153113
101	0.221073
102	0.079508
103	0.111867
104	0.117977
105	0.282071
106	0.098049
107	0.097171
108	0.3206
109	-10
110	0.938506
111	0.11831
112	0.06093
113	0.088233
114	-0.037741
115	0.080309
116	-10
117	-0.010137
118	0.213376
119	0.169018
120	-0.010079
121	0.001223
122	-0.028157
123	-0.057994
124	0.049879
125	0.00788
126	0.124702
127	0.591592
128	0.31646
129	1.296332
130	0.989472
131	2.095254
132	0.581945
133	0.150922
134	0.035879
135	-0.042347
136	-0.03018
137	-0.025824
138	0.016647
139	-0.05026
140	0.02853
141	-0.056644
142	0.089079
143	0.298709
144	0.778337
145	0.409332
146	0.770907
147	0.336825
148	0.364963
149	-0.079076
150	-0.057664
151	-0.045511
152	0.138614
153	-0.078289
154	0.085409
155	0.008312
156	0.021669
157	0.002616
158	-0.006497
159	-20
160	0.078715
161	0.124275
162	-0.163439
163	-0.101559
164	0.011565
165	-10
166	-10
167	-10
168	-10
169	-10
170	0.189498
171	0.210123
172	0.039076
173	-20
174	0.274926
175	0.353482
176	0.013454
177	0.032822
178	0.070003
179	0.141748
180	0.075338
181	0.162123
182	0.059789
183	-10
184	0.069867
185	0.227751
186	-10
187	-10
188	-10
