1	-999.000000
2	-999.000000
3	-999.000000
4	-7.973062
5	-999.000000
6	2.056731
7	-999.000000
8	-0.059183
9	-0.801286
10	0.055705
11	3.277903
12	-0.082177
13	-0.385810
14	1.921733
15	0.345292
16	-1.316172
17	0.380896
18	-0.053397
19	0.976165
20	1.081608
21	0.614988
22	1.633347
23	1.078954
24	1.021831
25	-2.559494
26	0.477239
27	-1.949935
28	1.272465
29	0.664483
30	-2.225838
31	0.599432
32	-0.187808
33	0.464100
34	-0.037667
35	0.678297
36	-0.225784
37	0.330816
38	-1.699829
39	0.652930
40	0.723189
41	0.882274
42	2.023535
43	-0.204130
44	0.945320
45	0.077285
46	0.429569
47	-0.573573
48	0.946761
49	-0.244410
50	0.557176
51	0.468368
52	0.221790
53	0.580129
54	0.149410
55	0.805770
56	0.398352
57	3.434115
58	1.040500
59	1.551490
60	3.837988
61	0.655687
62	0.578742
63	0.092057
64	0.237606
65	2.572863
66	0.811144
67	2.161710
68	0.322943
69	0.533457
70	0.036569
71	0.371205
72	0.554160
73	1.518395
74	0.870242
75	0.532528
76	0.450870
77	0.649935
78	0.414576
79	-0.041305
80	0.632969
81	0.717685
82	2.262794
83	0.645678
84	0.214402
85	0.838499
86	-0.748674
87	0.038019
88	0.313401
89	0.667930
90	0.540111
91	-0.452993
92	1.600021
93	0.306780
94	0.088661
95	0.355054
96	-0.362308
97	-0.369444
98	0.208147
99	0.546933
100	4.580277
101	2.178658
102	0.946352
103	0.579352
104	0.671087
105	-0.051955
106	0.356830
107	0.409983
108	0.895610
109	0.008780
110	0.166307
111	0.792433
112	0.817766
113	0.047242
114	1.014468
115	0.345246
116	0.641260
117	0.712364
118	0.015340
119	0.703692
120	0.956714
121	0.063205
122	-0.168845
123	-0.971082
124	0.270650
125	0.002430
126	0.369550
127	-0.333278
128	0.275060
129	-0.338894
130	2.613879
131	2.774679
132	1.095824
133	1.083270
134	0.868497
135	-0.124217
136	-0.206327
137	0.177080
138	0.278788
139	0.130604
140	-0.199682
141	-0.174727
142	0.082554
143	-0.459224
144	0.344351
145	2.473945
146	1.307785
147	0.629506
148	0.529539
149	1.255035
150	1.175467
151	0.234791
152	1.028521
153	0.834695
154	0.286741
155	-0.521180
156	-0.457432
157	0.127385
158	0.150152
159	0.072574
160	0.085733
161	-0.004922
162	-0.258725
163	-0.201328
164	0.243328
165	0.719161
166	0.309653
167	-1.360581
168	0.112218
169	0.013699
170	0.305298
171	0.690259
172	0.444111
173	0.184170
174	0.057494
175	-0.507234
176	-0.388973
177	0.154624
178	1.577352
179	0.486507
180	0.358777
181	-0.447250
182	0.138487
183	-0.279507
184	-0.563409
185	0.359358
186	-0.156198
187	-4.070639
188	-0.060019
