1	0.000000
2	1.166346
3	-999.000000
4	-1.192905
5	-999.000000
6	0.694433
7	-999.000000
8	-1.412311
9	-1.274971
10	0.567632
11	0.916891
12	-0.429787
13	-0.777208
14	1.591588
15	0.784348
16	0.925239
17	0.918195
18	-0.687876
19	0.406723
20	1.419486
21	0.052617
22	-0.171520
23	0.600788
24	0.243859
25	0.817909
26	0.394206
27	0.644476
28	0.746061
29	0.639718
30	0.870657
31	0.354568
32	-0.684151
33	0.381325
34	0.292215
35	0.208306
36	0.221739
37	0.357812
38	0.737346
39	0.164264
40	0.850791
41	1.274072
42	0.777451
43	0.531775
44	-0.003027
45	-0.146012
46	-0.076067
47	-0.219411
48	0.424022
49	-0.043362
50	0.110058
51	0.203055
52	-0.309982
53	-0.070670
54	-0.459658
55	-0.170653
56	0.247618
57	1.214253
58	0.129548
59	0.403525
60	0.353575
61	0.106788
62	0.121308
63	0.418633
64	0.068886
65	3.000265
66	0.746461
67	1.652679
68	-0.298785
69	0.053329
70	-0.251551
71	0.360823
72	0.934641
73	1.043438
74	0.599812
75	1.593097
76	0.418436
77	-0.204813
78	0.577013
79	0.575999
80	0.176457
81	0.043225
82	2.700690
83	0.323822
84	0.000909
85	0.243725
86	-0.290770
87	0.081250
88	0.427876
89	0.424695
90	0.345717
91	-0.024889
92	31.342484
93	0.551869
94	-0.104215
95	0.125717
96	0.287779
97	-0.128316
98	-0.039484
99	-0.034184
100	1.243830
101	0.933115
102	1.337789
103	0.697958
104	0.397569
105	0.171225
106	0.541829
107	0.901221
108	1.593530
109	1.049708
110	4.040835
111	0.359534
112	0.366399
113	-0.075724
114	-0.171484
115	0.309538
116	0.130321
117	1.334224
118	0.591242
119	0.814930
120	0.186932
121	-0.152192
122	-0.130029
123	-0.477699
124	0.505424
125	-0.106399
126	0.617571
127	-0.410380
128	0.457360
129	4.042781
130	1.959127
131	6.732938
132	6.710080
133	0.167664
134	0.262981
135	0.077793
136	0.000850
137	-0.045508
138	0.284711
139	0.020458
140	0.283515
141	0.215216
142	0.339734
143	2.368526
144	0.444676
145	2.849295
146	4.507808
147	0.690577
148	0.369050
149	0.545404
150	0.422634
151	0.406924
152	0.397516
153	0.633692
154	0.290311
155	-0.193590
156	-0.135602
157	0.286137
158	0.089483
159	1.512471
160	-0.235885
161	0.899412
162	0.152974
163	0.148670
164	0.424055
165	0.721217
166	0.627835
167	0.345684
168	0.652623
169	-0.159136
170	-0.132402
171	-0.296341
172	-0.290893
173	0.199567
174	0.140026
175	1.156953
176	0.047963
177	0.321973
178	0.120391
179	0.063070
180	1.834880
181	0.412164
182	0.411705
183	0.433075
184	-0.210849
185	0.355055
186	-1.265665
187	-0.380984
188	0.122919
